/* THIS FILE IS AUTO GENERATED FROM BRICKHUB.ORG - 2020-06-25 02:16:02 */
LDR.PLI={
'11211':[0.9659,-0.2588,0,0.25,0.933,-0.2588,0.067,0.25,0.9659],
'2444':[1,0,0,0,-1,-0,0,0,-1],
'26604':[0.9397,-0.342,0,0.3214,0.883,-0.342,0.117,0.3214,0.9397],
'2696':[-1,0,0,0,1,0,-0,0,-1],
'2817':[1,0,0,0,-1,-0,0,0,-1],
'32001':[0.9659,-0.2588,0,0.25,0.933,-0.2588,0.067,0.25,0.9659],
'3709b':[0.9659,-0.2588,0,0.25,0.933,-0.2588,0.067,0.25,0.9659],
'3738':[0.9659,-0.2588,0,0.25,0.933,-0.2588,0.067,0.25,0.9659],
'3947':[0.25,0,0,0,0.25,0,0,0,0.25],
'41747ps1':[0,0,-1,0,1,0,1,0,0],
'4182p06':[0,0,-1,0,1,0,1,0,0],
'4215ap04':[-1,0,0,0,1,0,-0,0,-1],
'4215ap05':[-1,0,0,0,1,0,-0,0,-1],
'4215ap06':[-1,0,0,0,1,0,-0,0,-1],
'4215ap07':[-1,0,0,0,1,0,-0,0,-1],
'43711':[0,0,-1,0,1,0,1,0,0],
'43720':[0,0,-1,0,1,0,1,0,0],
'4733':[0.9659,-0.2588,0,0.25,0.933,-0.2588,0.067,0.25,0.9659],
'47905':[0.9659,-0.2588,0,0.25,0.933,-0.2588,0.067,0.25,0.9659],
'52107':[0.9659,-0.2588,0,0.25,0.933,-0.2588,0.067,0.25,0.9659],
'6099p05':[0.25,0,0,0,0.25,0,0,0,0.25],
'6564':[0,0,-1,0,1,0,1,0,0],
'87087':[0.9659,-0.2588,0,0.25,0.933,-0.2588,0.067,0.25,0.9659]
};

LDR.Annotations={
'11946':'#21',
'11947':'#22',
'22296':'53L',
'22461':'34L',
'22463':'19L',
'22900':'17L',
'23397':'24L',
'23948':'11',
'2445':'2x12',
'2465':'1x16',
'2730':'10',
'3006':'2x10',
'3007':'2x8',
'3026':'6x24',
'3027':'6x16',
'3028':'6x12',
'3029':'4x12',
'3030':'4x10',
'3033':'6x10',
'32018':'14',
'32073':'5',
'32188':'#3',
'32189':'#4',
'32190':'#1',
'32191':'#2',
'32199':'11',
'32200':'12',
'32201':'14',
'32202':'16',
'32235':'19',
'32278':'15',
'32525':'11',
'32527':'#5',
'32528':'6#',
'32534':'#7',
'32535':'#8',
'32580':'7',
'3456':'6x14',
'3703':'16',
'3706':'6',
'370626':'6',
'3707':'8',
'370726':'8',
'3708':'12',
'370826':'12',
'3737':'10',
'3737c01':'10',
'3832':'2x10',
'3895':'12',
'40490':'9',
'41239':'13',
'4217':'1x14',
'42688':'33L',
'4282':'2x16',
'43675':'19L',
'44294':'7',
'44350':'#20',
'44351':'#21',
'44352':'#22',
'44353':'#23',
'4477':'1x10',
'46305':'40L',
'47712':'#24',
'47713':'#25',
'50450':'32',
'50451':'16',
'53475':'26L',
'57274':'32L',
'57719':'7L',
'60479':'1x12',
'60485':'9',
'6111':'1x10',
'6112':'1x12',
'64391':'#4',
'64392':'#17',
'64393':'#6',
'64394':'#13',
'64680':'#14',
'64681':'#5',
'64682':'#18',
'64683':'#3',
'70978':'21L',
'71175':'12L',
'71177':'14L',
'71192':'16L',
'71194':'15L',
'71505':'11L',
'71551':'13L',
'71582':'18L',
'71819':'12L',
'71917':'9L',
'71923':'14L',
'71944':'6L',
'71946':'15L',
'71947':'16L',
'71949':'10L',
'71951':'8L',
'71952':'4L',
'71986':'11L',
'72039':'18L',
'72504':'2L',
'72706':'3L',
'72853':'5L',
'73485':'10',
'76250':'4L',
'76252':'22L',
'76254':'23L',
'76260':'8L',
'76263':'3L',
'76270':'17L',
'76276':'20L',
'76277':'24L',
'76279':'6L',
'76280':'28L',
'76281':'45L',
'76282':'30L',
'76283':'31L',
'76289':'7L',
'76307':'5L',
'76324':'9L',
'76348':'10L',
'76389':'29L',
'87080':'#1',
'87086':'#2',
'91988':'2x14',
'33763':'26L'
};

LDR.BL={
'2436a':'2436',
'3040b':'3040',
'3068bp0d':'3068bpb0683',
'3069bp28':'3069bpx28',
'32123a':'4265c',
'32123b':'4265c',
'32126':'44',
'3648a':'x187',
'3648b':'3648',
'3650b':'3650a',
'3650c':'3650b',
'3712c01':'9244c01',
'4032a':'4032',
'4185b':'4185',
'4273b':'4273',
'48729a':'48729',
'575c01':'9244ac01',
'58120':'58120c01',
'59426':'32209',
'59443':'6538c',
'60470a':'60470',
'6141':'4073',
'61903':'62520c01',
'6542a':'6542',
'99498':'99498c01',
'99499':'99499c01',
'3665a':'3665',
'4185a':'4185'
};

LDR.Assemblies={
'2429c01':['2429',16,'2430',16],
'2550c01':['2550',16,'3819',16,'3818',16,'3819',16,'3818',16,'3820',15,'3820',15,'3820',15,'3820',15],
'3815c01':['3815',16,'3816',16,'3817',16],
'3815c36':['3815',16,'3817',16,'2532',16],
'3829c01':['3829a',16,'3828',0],
'4592c01':['4592',16,'4593',0],
'61903':['62520',16,'62520',16,'3326b',16],
'646bc01':['646b',16,'854',47],
'4592c02':['4592',16,'4593',7],
'970c11':['3815',4,'3816',0,'3817',0],
'970c01':['3815',0,'3816',15,'3817',15],
'4592c03':['4592',16,'4593',71]
};

LDR.Replacements={
'2905':{part:"99773",year:2017,phaseIn:2009},
'32123b':{part:"32123a",year:2008},
'3647':{part:"10928",year:2017,phaseIn:2008},
'3648a':{part:"3648b",year:1999,phaseIn:1993},
'3650a':{part:"3650c",year:1998,phaseIn:1985},
'3650b':{part:"3650c",year:1998,phaseIn:1985},
'3704':{part:"32062",year:2005,phaseIn:1996},
'3712c01':{part:"61903",year:2009,phaseIn:2008},
'3794a':{part:"3794b",year:2016,phaseIn:2004},
'3794b':{part:"15573",year:2018,phaseIn:2010},
'4019':{part:"94925",year:2017,phaseIn:2006},
'4265a':{part:"6577",year:1997,phaseIn:1985},
'4273a':{part:"4273b",year:1992,phaseIn:1982},
'4273b':{part:"32126",year:1998},
'4459':{part:"2780",year:1990,phaseIn:1986},
'4697a':{part:"4697a",year:1997,phaseIn:1987},
'575c01':{part:"3712c01",year:1977},
'6538a':{part:"6538b",year:2003},
'6538b':{part:"59443",year:2004},
'6542a':{part:"6542b",year:2015,phaseIn:2009},
'75535':{part:"62462",year:2010,phaseIn:2006},
'6577':{part:"32123b",year:2002,phaseIn:1993}
};

