/* THIS FILE IS AUTO GENERATED FROM BRICKHUB.ORG */
LDR.PLI = {
    pli_11211: [0.9659,-0.2588,0,0.25,0.933,-0.2588,0.067,0.25,0.9659],
    pli_2444: [1,0,0,0,-1,-0,0,0,-1],
    pli_26604: [0.9397,-0.342,0,0.3214,0.883,-0.342,0.117,0.3214,0.9397],
    pli_2696: [-1,0,0,0,1,0,-0,0,-1],
    pli_2817: [1,0,0,0,-1,-0,0,0,-1],
    pli_32001: [0.9659,-0.2588,0,0.25,0.933,-0.2588,0.067,0.25,0.9659],
    pli_3709b: [0.9659,-0.2588,0,0.25,0.933,-0.2588,0.067,0.25,0.9659],
    pli_3738: [0.9659,-0.2588,0,0.25,0.933,-0.2588,0.067,0.25,0.9659],
    pli_3947: [0.25,0,0,0,0.25,0,0,0,0.25],
    pli_4182p06: [0,0,-1,0,1,0,1,0,0],
    pli_4215ap04: [-1,0,0,0,1,0,-0,0,-1],
    pli_4215ap05: [-1,0,0,0,1,0,-0,0,-1],
    pli_4215ap06: [-1,0,0,0,1,0,-0,0,-1],
    pli_4215ap07: [-1,0,0,0,1,0,-0,0,-1],
    pli_4733: [0.9659,-0.2588,0,0.25,0.933,-0.2588,0.067,0.25,0.9659],
    pli_47905: [0.9659,-0.2588,0,0.25,0.933,-0.2588,0.067,0.25,0.9659],
    pli_52107: [0.9659,-0.2588,0,0.25,0.933,-0.2588,0.067,0.25,0.9659],
    pli_6099p05: [0.25,0,0,0,0.25,0,0,0,0.25],
    pli_6564: [0,0,-1,0,1,0,1,0,0],
    pli_87087: [0.9659,-0.2588,0,0.25,0.933,-0.2588,0.067,0.25,0.9659]
};

LDR.Annotations = {
pli_11946: '#21',
pli_11947: '#22',
pli_22296: '53L',
pli_22461: '34L',
pli_22463: '19L',
pli_22900: '17L',
pli_23397: '24L',
pli_23948: '11',
pli_2445: '2x12',
pli_2465: '1x16',
pli_2730: '10',
pli_3006: '2 x 10',
pli_3007: '2 x 8',
pli_3026: '6 x 24',
pli_3027: '6 x 16',
pli_3028: '6x12',
pli_3029: '4 x 12',
pli_3030: '4x10',
pli_3033: '6 x 10',
pli_32018: '14',
pli_32073: '5',
pli_32188: '#3',
pli_32189: '#4',
pli_32190: '#1',
pli_32191: '#2',
pli_32199: '11',
pli_32200: '12',
pli_32201: '14',
pli_32202: '16',
pli_32235: '19',
pli_32278: '15',
pli_32525: '11',
pli_32527: '#5',
pli_32528: '6#',
pli_32534: '#7',
pli_32535: '#8',
pli_32580: '7',
pli_3456: '6 x 14',
pli_3703: '16',
pli_3706: '6',
pli_370626: '6',
pli_3707: '8',
pli_370726: '8',
pli_3708: '12',
pli_370826: '12',
pli_3737: '10',
pli_3737c01: '10',
pli_3832: '2x10',
pli_3895: '12',
pli_40490: '9',
pli_41239: '13',
pli_4217: '1 x 14',
pli_42688: '33L',
pli_4282: '2x16',
pli_43675: '19L',
pli_44294: '7',
pli_44350: '#20',
pli_44351: '#21',
pli_44352: '#22',
pli_44353: '#23',
pli_4477: '1x10',
pli_46305: '40L',
pli_47712: '#24',
pli_47713: '#25',
pli_50450: '32',
pli_50451: '16',
pli_53475: '26L',
pli_57274: '32L',
pli_57719: '7L',
pli_60479: '1x12',
pli_60485: '9',
pli_6111: '1x10',
pli_6112: '1x12',
pli_64391: '#4',
pli_64392: '#17',
pli_64393: '#6',
pli_64394: '#13',
pli_64680: '#14',
pli_64681: '#5',
pli_64682: '#18',
pli_64683: '#3',
pli_70978: '21L',
pli_71175: '12L',
pli_71177: '14L',
pli_71192: '16L',
pli_71194: '15L',
pli_71505: '11L',
pli_71551: '13L',
pli_71582: '18L',
pli_71819: '12L',
pli_71917: '9L',
pli_71923: '14L',
pli_71944: '6L',
pli_71946: '15L',
pli_71947: '16L',
pli_71949: '10L',
pli_71951: '8L',
pli_71952: '4L',
pli_71986: '11L',
pli_72039: '18L',
pli_72504: '2L',
pli_72706: '3L',
pli_72853: '5L',
pli_73485: '10',
pli_76250: '4L',
pli_76252: '22L',
pli_76254: '23L',
pli_76260: '8L',
pli_76263: '3L',
pli_76270: '17L',
pli_76276: '20L',
pli_76277: '24L',
pli_76279: '6L',
pli_76280: '28L',
pli_76281: '45L',
pli_76282: '30L',
pli_76283: '31L',
pli_76289: '7L',
pli_76307: '5L',
pli_76324: '9L',
pli_76348: '10L',
pli_76389: '29L',
pli_87080: '#1',
pli_87086: '#2',
pli_91988: '2x14',
pli_33763: '26L'
};

